1640679192
1640679647
1640679769
1640679894
1640679911
1640680388
1640680473
1640680689
1640680728
1640680787
1640684892
1640684935
1640685053
1640685079
1640685142
1640711514
1640712186
1640712363
1640712872
1640713125
1640720282
1640720743
1640721581
1640721621
1640721750
1640721957
1640722118
1640722124
1640775156
1640775230
1640775827
1640776010
1640776035
1640776181
1640776196
1640795869
1640795929
1640796168
1640796192
1640796308
1640796347
1640796523
1640796529
1640796555
1640796597
1640797567
1640797579
1640797724
1640870986
1640871092
1640871121
1640871179
1640871206
1640871237
1640871346
1640871367
1640871434
1640871451
1640871464
1640871476
1640871654
1640871712
1640871791
1640871810
1640872205
1640882261
1640882427
1640882457
1640882506
1640882529
1640882551
1640882593
1640882618
1640882637
1640882663
1640882684
1640882712
1640882727
1640882751
1640882764
1640882790
1640882820
1640882841
1640883056
1640883200
1640883235
1640883535
1640883865
1640893891
1641241094
1641241564
1641241583
1641241597
1641241616
1641241643
1641241847
1641241960
1641242101
1641242109
1641242120
1641242427
1641242561
1641242765
1641243107
1641243146
1641243236
1641243358
1641243546
1641243727
1641243867
1641283458
1641283702
1641285377
1641285391
1641285811
1641286960
1641287103
1641287242
1641287310
1641287487
1641287630
1641287877
1641294649
1641294842
1641296195
1641296922
1641297020
1641297244
1641297880
1641298268
1641320077
1641320178
1641320307
1641320540
1641320619
1641320641
1641320706
1641320739
1641320762
1641320783
1641320838
1641452050
1641452073
1641452095
1641452126
1641452160
1641452189
1641452225
1641452245
1641452302
1641452307
1641452343
1641452364
1641452386
1641452443
1641452472
1641452586
1641452625
1641452634
1641452655
1641452675
1641452696
1641540894
1641540916
1641540961
1641540969
1641540988
1641541034
1641541074
1641541093
1641541194
1641541385
1641541413
1641541471
1641541766
1641542058
1641542363
1641543322
1641543343
1641543377
1641543451
1641543532
1641543585
1641551666
1641551705
1641552144
1641552171
1641552287
1641552322
1641552334
1641552364
1641552372
1641552552
1641552560
1641552569
1641552598
1641552640
1641552671
1641552683
1641552692
1641552802
1641553372
1641554776
1641557759
1641557798
1641557976
1641558030
1641558217
1641558221
1641558235
1641558247
1641558945
1641558959
1641558962
1641559035
1641559047
1641559516
1641559543
1641559547
1641559757
1641559802
1641560516
1641560682
1641560816
1641560870
1641560939
1641560962
1641561016
1641561080
1641563256
1641563274
1641563358
1641563373
1641563381
1641563441
1641563457
1641563511
1641563541
1641566502
1641566516
1641566650
1641566698
1641566732
1641628106
1641628147
1641631004
1641651208
1641656079
1641685376
1641685385
1641685434
1641685454
1641685464
1641685535
1641685597
1641685612
1641685769
1641685773
1641685884
1641685909
1641685944
1641685999
1641686027
1641686046
1641686068
1641686117
1641686137
1641686176
1641686203
1641686460
1641686600
1641686604
1641686677
1641686747
1641687030
1641687035
1641687092
1641687100
1641687713
1641687873
1641687984
1641688077
1641688171
1641688302
1641688668
1641688762
